      161.301      61.0235      127.568  1.03176e+11
      110.951      237.923      196.787  1.03563e+11
      96.2647      92.8122      244.248  1.08789e+11
      7.87270      158.334      203.869  1.55243e+11
      19.1616      233.495      76.6391  1.79243e+11
      247.698      32.3983      184.823  2.45257e+11
      241.416      228.555      246.906  2.22614e+11
      214.939      80.0420      15.6418  3.76314e+11
      219.031      68.3611      33.9548  3.02757e+11
      22.1436      214.908      1.40790  2.92300e+11
      125.491      172.496      92.2721  3.49600e+11
      194.483      68.7115      127.495  3.40300e+11
      222.072      27.6454      225.550  3.27329e+11
      66.6884      85.4971      72.4602  6.25829e+11
      231.595      86.8774      52.9162  5.55171e+11
      105.112      144.676      67.2198  5.37171e+11
      50.6251      165.682      91.7436  4.27800e+11
      83.9593      106.611      147.844  6.18471e+11
      83.2164      248.656      163.227  4.36129e+11
      170.344      246.763      195.509  5.02329e+11
      224.867      10.2295      244.912  4.55871e+11
      77.4651      79.6160      202.994  5.30586e+11
      141.686      63.0767      240.519  5.20714e+11
      227.009      95.1988      219.841  6.14014e+11
      188.511      201.099      210.616  5.41429e+11
      6.60830      10.8863      15.7881  9.00700e+11
      187.658      40.0352      37.2754  9.34186e+11
      211.561      28.0366      15.9077  8.39729e+11
      140.381      76.8772      26.2343  9.06700e+11
      13.0665      116.505      4.23940  7.04229e+11
      244.899      171.861      15.6898  6.65514e+11
      100.360      77.6713      87.4367  8.16114e+11
      41.5945      194.936      81.3680  7.46814e+11
      67.8750      166.323      57.7536  8.47857e+11
      99.4456      195.406      83.9142  8.40114e+11
      156.484      91.3180      124.453  9.45614e+11
      238.380      145.804      115.841  6.55057e+11
      113.392      28.1680      192.589  9.88971e+11
      211.305      83.5596      191.684  9.66514e+11
      90.1107      134.207      155.019  6.68029e+11
      104.770      146.545      166.149  9.07471e+11
      107.798      134.683      180.297  7.71000e+11
      194.728      179.512      154.063  8.79986e+11
      201.652      191.916      158.321  7.50871e+11
      96.8024      20.2886      202.642  8.79800e+11
      85.4875      62.9896      246.934  8.49986e+11
      108.782      83.6095      245.913  9.48714e+11
      163.149      71.9533      203.519  7.68300e+11
      42.3967      124.198      201.097  6.75386e+11
      14.7134      125.937      244.253  6.89129e+11
      42.8068      217.869      236.811  8.81543e+11
      114.453      6.50260      19.7101  1.34844e+12
      222.217      11.8369      23.3775  1.01684e+12
      219.675      82.0182      30.5972  1.44643e+12
      138.749      156.559      35.0227  1.36780e+12
      175.858      187.460     0.164500  1.57357e+12
      17.6607      22.8938      93.0065  1.45900e+12
      109.535      8.08150      54.0593  1.02730e+12
      203.478      95.3026      81.2819  1.16416e+12
      223.543      134.185      62.2463  1.07956e+12
      236.599      120.235      52.1887  1.24643e+12
      47.6228      199.704      85.6200  1.32909e+12
      89.0657      191.706      54.7265  1.26249e+12
      64.0671      229.602      61.1913  1.30024e+12
      129.557      216.153      63.9521  1.41367e+12
      159.795      122.922      112.472  1.07181e+12
      217.694      130.445      116.368  1.24217e+12
      237.768      131.099      126.876  1.40903e+12
      19.6585      237.375      131.193  1.56700e+12
      187.982      238.197      123.727  1.00079e+12
      174.587      43.1423      155.189  1.08983e+12
      179.903      68.7667      172.747  1.18313e+12
      230.898      54.5378      174.533  1.49029e+12
      219.343      148.612      176.494  1.29327e+12
      106.718      229.587      156.930  1.51400e+12
      180.278      38.8703      204.831  1.43200e+12
      211.173      87.5364      242.842  1.18197e+12
      82.3474      135.110      242.929  1.19571e+12
      176.418      195.075      231.545  1.05653e+12
      90.0609      221.984      248.764  1.24371e+12
      57.1821      241.806      206.582  1.42800e+12
      161.870      233.577      237.307  1.40534e+12
      249.140      121.733      12.4635  1.72229e+12
      84.7059      163.276      46.5400  1.59443e+12
      114.707      198.338      28.8647  1.63571e+12
      167.842      156.934      5.80710  2.04414e+12
      196.213      184.055      41.0901  2.01471e+12
      84.1673      208.402      6.51290  2.38114e+12
      76.5688      202.007      11.1920  2.07786e+12
      87.6288      10.2922      92.4344  1.64843e+12
      53.4078      14.2379      95.5998  2.25900e+12
      92.3226      52.7911      55.1660  2.09757e+12
      54.6316      86.0533      97.5224  2.21700e+12
      50.5756      147.851      66.9893  1.81114e+12
      237.757      122.085      62.0503  1.92357e+12
      202.133      104.882      95.5149  2.34257e+12
      86.2805      161.636      69.9813  1.58829e+12
      214.253      178.593      52.9588  2.39214e+12
      149.958      246.317      84.4338  2.15200e+12
      188.293      242.619      69.3018  2.31943e+12
      135.308      40.9874      109.086  2.02357e+12
      125.368      53.7441      147.416  2.32314e+12
      189.542      227.371      132.295  2.46143e+12
      18.1357      31.9972      153.605  1.88486e+12
      66.5759      29.0550      183.482  2.17543e+12
      199.564      21.6444      157.282  2.36429e+12
      210.604      31.5464      164.064  1.85400e+12
      222.639      33.5801      189.002  2.34500e+12
      31.8391      99.4172      179.087  1.66686e+12
      53.4183      83.0156      160.493  1.78343e+12
      68.2378      60.2489      165.353  2.07314e+12
      145.098      73.4685      184.252  1.95000e+12
      215.273      54.2461      198.702  2.40357e+12
      83.2706      124.766      166.750  2.26271e+12
      89.7596      130.285      159.038  1.88943e+12
      74.8467      227.704      169.236  2.37600e+12
      99.8125      237.512      180.038  2.27200e+12
      222.524      211.455      159.880  1.75971e+12
      214.814      219.682      163.107  2.28386e+12
      183.333      48.5734      210.119  1.77586e+12
      160.985      4.80770      212.537  2.24471e+12
      217.419      98.5735      200.556  1.61029e+12
      238.483      80.1031      210.997  1.98914e+12
      122.003      128.065      203.286  2.45186e+12
      232.495      111.567      206.833  2.06286e+12
      3.39490      200.582      231.953  1.92486e+12
      89.2743      223.585      209.069  2.04314e+12
      115.249      25.4157      15.2609  3.82586e+12
      176.380      34.6043      47.1081  2.73600e+12
      147.644      77.2289      27.8236  2.96686e+12
      168.222      66.9812      13.7201  3.47543e+12
      185.492      98.0512      28.7750  3.41586e+12
      37.6026      108.066      31.0397  3.38471e+12
      165.582      121.976      23.3663  3.25114e+12
      164.917      197.493      45.5855  3.58714e+12
      12.2787      205.991      16.5838  3.10643e+12
      46.9127      208.555      21.8759  3.00371e+12
      131.907      23.4822      75.5885  3.28743e+12
      187.044      16.0714      75.4808  3.28657e+12
      3.95980      149.006      89.6477  2.73500e+12
      247.042      195.483      71.7652  3.30029e+12
      141.066      219.191      62.7082  3.29000e+12
      96.8580      4.99020      106.949  3.07243e+12
      74.5090      49.2532      111.345  3.61100e+12
      46.7459      53.0280      147.529  2.53614e+12
      55.9911      99.1001      143.826  2.95186e+12
      140.923      84.4711      128.313  3.31057e+12
      138.249      80.7361      134.289  2.98129e+12
      199.757      77.5582      106.943  3.69286e+12
      99.3398      142.238      141.416  2.95214e+12
      125.830      108.685      126.737  3.56229e+12
      189.631      104.096      100.585  2.89129e+12
      231.494      139.923      145.941  2.75943e+12
      59.0528      163.988      120.135  3.06529e+12
      178.537      214.919      147.173  3.18414e+12
      11.8989      36.0660      151.131  2.99543e+12
      227.774      17.3497      190.342  3.62086e+12
      28.8283      98.0965      177.527  3.83271e+12
      75.5881      106.452      157.707  3.84929e+12
      191.610      107.960      155.428  3.85871e+12
      220.210      137.763      169.632  3.74429e+12
      142.965      190.471      174.475  2.80486e+12
      230.461      162.394      180.990  2.80814e+12
      239.939      236.183      166.167  3.17543e+12
      204.668      243.212      198.338  2.64071e+12
      26.6233      39.0119      216.538  2.62500e+12
      95.8034      89.2181      245.486  3.16943e+12
      205.688      68.2797      223.855  3.26929e+12
      191.444      123.741      220.798  2.57400e+12
      48.9429      21.4989      14.2157  5.76443e+12
      223.275      23.1376      27.9289  5.72029e+12
      107.194      61.4949      15.6939  4.91986e+12
      226.321      85.0183      29.0505  4.43171e+12
      27.5741      129.077      21.0828  4.68657e+12
      143.851      101.310      44.9937  4.26214e+12
      143.260      164.056      8.96340  4.68300e+12
      129.085      153.458      35.4908  4.59871e+12
      95.9840      207.801      2.16870  4.68971e+12
      249.113      239.884     0.505000  5.26800e+12
      102.429      91.6563      84.6521  4.53371e+12
      223.074      71.4236      81.9146  4.77514e+12
      232.757      101.081      67.1692  6.15043e+12
      112.080      189.028      89.1753  5.03100e+12
      169.197      168.263      83.6990  6.02057e+12
      183.585      27.0561      104.466  4.15371e+12
      220.226      4.07480      137.743  6.13443e+12
      45.7887      190.767      120.327  5.42814e+12
      195.936      192.561      110.795  4.34386e+12
      177.005      180.328      134.077  6.17171e+12
      220.229      234.316      147.254  4.05571e+12
      13.4853      41.4214      153.022  6.06500e+12
      7.70050      28.6265      170.642  5.29757e+12
      2.93410      84.3706      181.616  4.93871e+12
      121.994      185.714      197.397  5.80329e+12
      154.983      187.413      152.339  5.30086e+12
      178.740      182.799      158.754  4.94386e+12
      224.450      153.270      175.782  4.30857e+12
      28.0555      210.975      197.560  5.52700e+12
      27.3264      25.6033      246.115  4.08771e+12
      65.9645      5.62930      247.957  4.03886e+12
      106.291      13.6050      234.858  5.62429e+12
      75.5078      76.2933      221.625  5.53914e+12
      7.28220      112.548      227.277  5.29257e+12
      229.939      158.313      215.825  4.12814e+12
      8.82150      227.716      202.442  4.34800e+12
      82.2660      203.237      221.812  5.11100e+12
      178.735      27.1094      8.21610  7.49843e+12
      177.925      17.2430      29.0781  7.47414e+12
      210.872      72.2401      33.6197  7.27071e+12
      19.5645      128.696      9.59500  6.88229e+12
      75.2745      196.417      43.9894  9.85871e+12
      13.2319      240.481     0.956800  9.73057e+12
      24.9707      228.367      31.1146  6.61914e+12
      234.331      9.74470      60.0903  9.67857e+12
      10.0988      95.5549      63.2126  7.78986e+12
      1.82610      111.069      51.4935  7.90843e+12
      224.785      118.028      71.2314  9.07386e+12
      36.5155      159.873      76.8199  6.49929e+12
      203.581      175.516      63.3426  8.56414e+12
      12.5656      237.665      92.3407  6.32929e+12
      244.018      212.638      52.7171  6.43000e+12
      84.7373      28.6808      124.932  6.49386e+12
      108.559      15.2922      115.825  7.27943e+12
      123.362      80.0871      116.389  6.48586e+12
      169.715      72.8714      138.910  8.86729e+12
      67.7098      120.311      134.508  6.33343e+12
      77.9729      28.4889      170.154  7.48429e+12
      143.206      34.1695      181.304  9.32043e+12
      93.9805      75.5601      191.191  8.65314e+12
      55.5025      84.5302      193.652  7.91471e+12
      156.063      62.8662      194.350  6.84243e+12
      201.294      84.1250      172.450  7.45357e+12
      77.6953      123.432      168.445  8.55557e+12
      61.3296      167.312      197.300  8.09814e+12
      85.2115      223.886      151.432  9.62757e+12
      70.3350      204.802      193.561  7.43214e+12
      215.422      21.0971      200.478  6.66457e+12
      38.4190      122.870      218.104  8.08943e+12
      138.057      247.801      235.169  9.23529e+12
      157.596      212.556      249.111  7.05971e+12
      239.257      216.807      223.055  6.62043e+12
