      48.9429      21.4989      14.2157  5.76443e+12
      114.453      6.50260      19.7101  1.34844e+12
      178.735      27.1094      8.21610  7.49843e+12
      177.925      17.2430      29.0781  7.47414e+12
      187.658      40.0352      37.2754  9.34186e+11
      176.380      34.6043      47.1081  2.73600e+12
      97.6985      98.6346      25.9389  1.10009e+12
      107.194      61.4949      15.6939  4.91986e+12
      147.644      77.2289      27.8236  2.96686e+12
      140.381      76.8772      26.2343  9.06700e+11
      168.222      66.9812      13.7201  3.47543e+12
      219.675      82.0182      30.5972  1.44643e+12
      210.872      72.2401      33.6197  7.27071e+12
      19.5645      128.696      9.59500  6.88229e+12
      27.5741      129.077      21.0828  4.68657e+12
      37.6026      108.066      31.0397  3.38471e+12
      143.851      101.310      44.9937  4.26214e+12
      165.582      121.976      23.3663  3.25114e+12
      178.755      108.884      38.8419  3.55786e+11
      249.140      121.733      12.4635  1.72229e+12
      75.2745      196.417      43.9894  9.85871e+12
      84.7059      163.276      46.5400  1.59443e+12
      143.260      164.056      8.96340  4.68300e+12
      133.949      196.671      28.7488  1.01627e+12
      129.085      153.458      35.4908  4.59871e+12
      175.858      187.460     0.164500  1.57357e+12
      196.213      184.055      41.0901  2.01471e+12
      164.917      197.493      45.5855  3.58714e+12
      95.9840      207.801      2.16870  4.68971e+12
      84.1673      208.402      6.51290  2.38114e+12
      76.5688      202.007      11.1920  2.07786e+12
      105.355      248.369      44.8169  8.73014e+11
      191.558      201.134      6.97350  3.83086e+11
      249.113      239.884     0.505000  5.26800e+12
      53.4078      14.2379      95.5998  2.25900e+12
      131.907      23.4822      75.5885  3.28743e+12
      131.344     0.409300      97.3341  1.25494e+12
      187.044      16.0714      75.4808  3.28657e+12
      201.512      45.5031      67.7130  1.47443e+12
      25.4247      59.7961      69.0651  1.08460e+12
      66.6884      85.4971      72.4602  6.25829e+11
      144.092      82.0293      54.3349  8.63343e+11
      188.375      82.0915      63.5223  9.70771e+11
      183.952      81.0165      74.0816  4.39029e+11
      223.074      71.4236      81.9146  4.77514e+12
      203.478      95.3026      81.2819  1.16416e+12
      37.1125      133.236      51.6227  6.99000e+11
      3.95980      149.006      89.6477  2.73500e+12
      50.5756      147.851      66.9893  1.81114e+12
      237.757      122.085      62.0503  1.92357e+12
      232.757      101.081      67.1692  6.15043e+12
      224.785      118.028      71.2314  9.07386e+12
      36.5155      159.873      76.8199  6.49929e+12
      41.5945      194.936      81.3680  7.46814e+11
      89.0657      191.706      54.7265  1.26249e+12
      86.2805      161.636      69.9813  1.58829e+12
      99.4456      195.406      83.9142  8.40114e+11
      176.737      189.661      55.2671  1.50100e+12
      169.197      168.263      83.6990  6.02057e+12
      160.174      185.544      95.1623  1.16687e+12
      219.528      155.617      50.8985  5.79757e+11
      214.253      178.593      52.9588  2.39214e+12
      240.625      157.443      55.4294  4.98071e+11
      247.042      195.483      71.7652  3.30029e+12
      12.5656      237.665      92.3407  6.32929e+12
      149.958      246.317      84.4338  2.15200e+12
      188.293      242.619      69.3018  2.31943e+12
      244.018      212.638      52.7171  6.43000e+12
      96.8580      4.99020      106.949  3.07243e+12
      74.5090      49.2532      111.345  3.61100e+12
      84.7373      28.6808      124.932  6.49386e+12
      108.559      15.2922      115.825  7.27943e+12
      183.585      27.0561      104.466  4.15371e+12
      46.7459      53.0280      147.529  2.53614e+12
      140.923      84.4711      128.313  3.31057e+12
      199.757      77.5582      106.943  3.69286e+12
      156.484      91.3180      124.453  9.45614e+11
      67.7098      120.311      134.508  6.33343e+12
      99.3398      142.238      141.416  2.95214e+12
      189.631      104.096      100.585  2.89129e+12
      159.795      122.922      112.472  1.07181e+12
      238.380      145.804      115.841  6.55057e+11
      21.4353      155.236      119.175  9.21214e+11
      45.7887      190.767      120.327  5.42814e+12
      19.6585      237.375      131.193  1.56700e+12
      187.982      238.197      123.727  1.00079e+12
      189.542      227.371      132.295  2.46143e+12
      220.229      234.316      147.254  4.05571e+12
      11.8989      36.0660      151.131  2.99543e+12
      13.4853      41.4214      153.022  6.06500e+12
      7.70050      28.6265      170.642  5.29757e+12
      77.9729      28.4889      170.154  7.48429e+12
      66.5759      29.0550      183.482  2.17543e+12
      121.200      22.4357      179.597  1.50614e+12
      113.392      28.1680      192.589  9.88971e+11
      210.604      31.5464      164.064  1.85400e+12
      227.774      17.3497      190.342  3.62086e+12
      247.698      32.3983      184.823  2.45257e+11
      28.8283      98.0965      177.527  3.83271e+12
      53.4183      83.0156      160.493  1.78343e+12
      93.9805      75.5601      191.191  8.65314e+12
      145.098      73.4685      184.252  1.95000e+12
      215.273      54.2461      198.702  2.40357e+12
      75.5881      106.452      157.707  3.84929e+12
      90.1107      134.207      155.019  6.68029e+11
      83.2706      124.766      166.750  2.26271e+12
      89.7596      130.285      159.038  1.88943e+12
      77.6953      123.432      168.445  8.55557e+12
      121.723      137.021      162.111  4.77157e+11
      107.798      134.683      180.297  7.71000e+11
      182.186      100.814      156.502  7.22029e+11
      220.210      137.763      169.632  3.74429e+12
      201.652      191.916      158.321  7.50871e+11
      224.450      153.270      175.782  4.30857e+12
      230.461      162.394      180.990  2.80814e+12
      85.2115      223.886      151.432  9.62757e+12
      83.2164      248.656      163.227  4.36129e+11
      74.8467      227.704      169.236  2.37600e+12
      99.8125      237.512      180.038  2.27200e+12
      70.3350      204.802      193.561  7.43214e+12
      106.718      229.587      156.930  1.51400e+12
      131.374      202.195      167.946  9.84514e+11
      110.951      237.923      196.787  1.03563e+11
      222.524      211.455      159.880  1.75971e+12
      214.814      219.682      163.107  2.28386e+12
      204.668      243.212      198.338  2.64071e+12
      27.3264      25.6033      246.115  4.08771e+12
      66.9841      24.5143      231.573  4.34000e+11
      65.9645      5.62930      247.957  4.03886e+12
      106.291      13.6050      234.858  5.62429e+12
      183.333      48.5734      210.119  1.77586e+12
      224.867      10.2295      244.912  4.55871e+11
      215.422      21.0971      200.478  6.66457e+12
      236.651      36.5092      222.799  4.31657e+12
      18.8291      85.9077      229.057  1.43071e+12
      75.5078      76.2933      221.625  5.53914e+12
      95.8034      89.2181      245.486  3.16943e+12
      96.2647      92.8122      244.248  1.08789e+11
      85.4875      62.9896      246.934  8.49986e+11
      104.910      91.8576      234.340  5.32329e+11
      217.419      98.5735      200.556  1.61029e+12
      238.483      80.1031      210.997  1.98914e+12
      227.009      95.1988      219.841  6.14014e+11
      205.688      68.2797      223.855  3.26929e+12
      33.6676      131.941      222.428  3.14371e+11
      14.7134      125.937      244.253  6.89129e+11
      122.003      128.065      203.286  2.45186e+12
      176.418      195.075      231.545  1.05653e+12
      232.374      171.005      219.178  7.09257e+11
      208.224      198.680      241.259  9.39414e+11
      82.2660      203.237      221.812  5.11100e+12
      138.057      247.801      235.169  9.23529e+12
      161.870      233.577      237.307  1.40534e+12
      239.257      216.807      223.055  6.62043e+12
